name	sex	dramaRatio	actionRatio	comedyRation	total
John	M	0.343556246983283	0.444684422364614	0.211759330652103	6613
Jack	M	0.280012699645924	0.458055283757111	0.261932016596966	4405
David	M	0.403530021417757	0.328306517398997	0.268163461183246	4123
Paul	M	0.419681290967148	0.247705545383169	0.332613163649683	3748
Tom	M	0.325566971041725	0.38140506352539	0.293027965432885	3608
Frank	M	0.342306345691337	0.392663920425902	0.265029733882762	3417
Joe	M	0.308717374260923	0.39287348561801	0.298409140121068	3413
Michael	M	0.379721756340521	0.337563512855283	0.282714730804196	3391
Mary	F	0.370035998791542	0.319654677737542	0.310309323470917	3314
Peter	M	0.344688105793517	0.325604431106224	0.329707463100259	3273
Anna	F	0.487168783631513	0.225937986508587	0.2868932298599	3209
Mike	M	0.29539613336058	0.374074161280094	0.330529705359326	2974
Maria	F	0.428881193918599	0.291096236754815	0.280022569326586	2967
George	M	0.329844506191517	0.340754982528516	0.329400511279967	2868
James	M	0.346994580014922	0.404489997377688	0.24851542260739	2857
Robert	M	0.385087524001654	0.346832558558135	0.268079917440211	2720
Sam	M	0.307886309469399	0.387140299654627	0.304973390875974	2695
Jim	M	0.273050397972973	0.498055268681747	0.22889433334528	2588
Bill	M	0.27918384324767	0.421069691419982	0.299746465332348	2493
Sarah	F	0.401980494937029	0.289932318847327	0.308087186215644	2459
Ben	M	0.334920950749675	0.352980329284545	0.312098719965781	2424
Richard	M	0.366727208941139	0.321345429100453	0.311927361958408	2327
Steve	M	0.26338151127427	0.419862597061708	0.316755891664022	2267
Max	M	0.296955758018563	0.337778040413333	0.365266201568105	2231
Harry	M	0.304116048813007	0.348449588677386	0.347434362509607	2187
Laura	F	0.431197085205665	0.249170464603954	0.31963245019038	2164
Alex	M	0.359409861143445	0.329399023002389	0.311191115854166	2151
Thomas	M	0.424939614323913	0.336213232203462	0.238847153472625	2142
Charlie	M	0.302723701049677	0.335269161279543	0.36200713767078	2135
Mark	M	0.340264898087311	0.364969233966288	0.294765867946401	2121
Bob	M	0.252668866015493	0.398704914871539	0.348626219112967	2112
Tony	M	0.297090046368629	0.38530961742612	0.31760033620525	2101
Martin	M	0.388249767996748	0.306136938950447	0.305613293052805	2078
Henry	M	0.349689719402099	0.340197124846684	0.310113155751218	2067
Daniel	M	0.42002660545317	0.314463749529916	0.265509645016914	1969
Nick	M	0.309980788424891	0.372604690532796	0.317414521042313	1959
Johnny	M	0.275137492153595	0.439058102987532	0.285804404858873	1868
Alice	F	0.382300643711186	0.263130709101405	0.354568647187408	1841
Charles	M	0.383563318679087	0.330141580012098	0.286295101308815	1829
Jimmy	M	0.294132903899994	0.334186089236941	0.371681006863064	1826
William	M	0.351786289018474	0.416140457719388	0.232073253262138	1819
Billy	M	0.278232282082444	0.37861487173002	0.343152846187536	1738
Adam	M	0.356191183758362	0.304917792116864	0.338891024124774	1726
Chris	M	0.338382429660878	0.353384627451396	0.308232942887726	1688
Lisa	F	0.340374271255587	0.309891026932684	0.349734701811729	1667
Jane	F	0.314634546728957	0.379927395015787	0.305438058255256	1667
Dan	M	0.28448315320768	0.416154434372109	0.299362412420211	1618
Kate	F	0.363965404806565	0.303869195157203	0.332165400036232	1583
Simon	M	0.371577520575686	0.30180645373661	0.326616025687704	1541
Marie	F	0.470028316658086	0.232620110788049	0.297351572553866	1521
Helen	F	0.36717913291433	0.351877056447006	0.280943810638663	1507
Julie	F	0.357356124143521	0.29760063102811	0.34504324482837	1473
Jake	M	0.287703790265534	0.430450718139477	0.281845491594989	1473
Danny	M	0.315019449058724	0.364618860874088	0.320361690067188	1467
Dave	M	0.263049842633608	0.328969604228915	0.407980553137478	1459
Eva	F	0.416593694737233	0.228606036843567	0.3548002684192	1443
Julia	F	0.389313913758987	0.262226948764156	0.348459137476858	1435
Eddie	M	0.3253226472688	0.323972978739553	0.350704373991647	1415
Eric	M	0.332226121307403	0.381075252947762	0.286698625744834	1379
Susan	F	0.348995408184483	0.331773334593446	0.319231257222071	1364
Jason	M	0.291438487012958	0.387191786967206	0.321369726019835	1358
Claire	F	0.392529853865885	0.296282784534955	0.311187361599161	1349
Anne	F	0.43973435884424	0.2892148245577	0.271050816598061	1343
Jenny	F	0.322986449221836	0.305028883900087	0.371984666878077	1329
Matt	M	0.30791286485869	0.387724491156866	0.304362643984444	1318
Kevin	M	0.28866121375443	0.318456055569326	0.392882730676244	1311
Lee	M	0.314514398299715	0.459723935814559	0.225761665885726	1298
Sara	F	0.399854114921427	0.289384555482274	0.310761329596299	1295
Juan	M	0.37864836738994	0.308606741028952	0.312744891581109	1293
Barbara	F	0.332702133154692	0.286896488551222	0.380401378294086	1293
Linda	F	0.343545735206904	0.314491129618931	0.341963135174165	1280
Tommy	M	0.316511492259063	0.345685467285917	0.33780304045502	1279
Walter	M	0.333676903378211	0.323534263091883	0.342788833529906	1273
Carlos	M	0.38255599378893	0.315337133850232	0.302106872360838	1270
Emma	F	0.400981477978434	0.240217056382107	0.358801465639459	1237
Victor	M	0.34906725867758	0.367357823369002	0.283574917953418	1236
Emily	F	0.387560805741691	0.283565629071403	0.328873565186906	1221
Rachel	F	0.389083029374661	0.308575835758994	0.302341134866344	1218
Brian	M	0.32785983450482	0.27450685785794	0.39763330763724	1218
Lucy	F	0.330514587517896	0.302180466922441	0.367304945559663	1201
Fred	M	0.31094888361473	0.301889833477166	0.387161282908104	1177
Tim	M	0.291419720839784	0.358237510180537	0.350342768979679	1175
Jeff	M	0.248041175691841	0.401475399085295	0.350483425222864	1175
Elizabeth	F	0.432816549112543	0.290213839721447	0.27696961116601	1172
Bobby	M	0.318177187333171	0.311808205746922	0.370014606919907	1158
Arthur	M	0.341362222118927	0.334504860116349	0.324132917764725	1149
Ana	F	0.506815482893076	0.197229174449969	0.295955342656955	1146
Larry	M	0.266358408816938	0.33355450732721	0.400087083855852	1132
Joseph	M	0.435077859545279	0.345915082243817	0.219007058210903	1119
Pete	M	0.293917448819545	0.344931414137693	0.361151137042761	1114
Amy	F	0.334351797983069	0.257424147305484	0.408224054711447	1093
Betty	F	0.272980549211411	0.32701053292642	0.400008917862169	1091
Jerry	M	0.25877307808448	0.328297924258663	0.412928997656857	1085
Ray	M	0.324626649633256	0.394497059655327	0.280876290711417	1082
Karen	F	0.377128149650176	0.292412997866297	0.330458852483527	1079
Sally	F	0.286225772266527	0.326138211825933	0.38763601590754	1075
Nina	F	0.441417236041852	0.238848044683287	0.319734719274861	1074
Rita	F	0.333098684614702	0.313941144469914	0.352960170915384	1072
Carl	M	0.32507705698396	0.354089955630958	0.320832987385082	1071
Sister	F	0.386458214348347	0.301418115504919	0.312123670146733	1061
Andy	M	0.282710594542885	0.319082150904131	0.398207254552984	1061
Roger	M	0.307907582850688	0.292639491909263	0.39945292524005	1060
Rose	F	0.412828447560253	0.266473569406892	0.320697983032855	1052
Antonio	M	0.376474498277248	0.254608960621604	0.368916541101147	1045
Sophie	F	0.408376330578457	0.171648577066337	0.419975092355207	1037
Pierre	M	0.42738658138011	0.271681691631286	0.300931726988604	1018
Maggie	F	0.394669906497751	0.240815888264108	0.364514205238142	994
Albert	M	0.333726077851902	0.325650729400914	0.340623192747184	993
Alan	M	0.348228408553924	0.337088157703026	0.31468343374305	992
Annie	F	0.370966210466194	0.262064458793541	0.366969330740265	991
Angela	F	0.377227722809698	0.267330797893109	0.355441479297193	980
Andrew	M	0.373293819813981	0.280190567514719	0.3465156126713	976
Ali	M	0.381107724952636	0.39683558047541	0.222056694571955	973
Judge	M	0.384957012680181	0.309826570266615	0.305216417053205	968
Will	M	0.31339250445251	0.412738374052776	0.273869121494713	962
Pedro	M	0.393267765021493	0.320760710341504	0.285971524637003	961
Scott	M	0.269557385067867	0.402256653731204	0.328185961200929	957
Patrick	M	0.360346663613418	0.264462681289922	0.375190655096659	950
Jessica	F	0.320489984688195	0.297144635439766	0.382365379872038	950
Nancy	F	0.354194137337655	0.31050872926352	0.335297133398825	945
Karl	M	0.379456009391881	0.313574610717518	0.306969379890601	916
Jennifer	F	0.303748041649004	0.336501377670238	0.359750580680758	916
Ruth	F	0.427556014617416	0.302929175571034	0.26951480981155	913
Leo	M	0.345248860176451	0.298361616167591	0.356389523655958	911
Vincent	M	0.355719008900879	0.369729013716233	0.274551977382888	908
Grace	F	0.416962605118644	0.245529096080296	0.33750829880106	904
Charlotte	F	0.385978644674498	0.231061101796806	0.382960253528697	904
Elena	F	0.436146067903594	0.276156246005251	0.287697686091155	900
Carol	F	0.334300541042191	0.307398714577555	0.358300744380254	897
Ryan	M	0.322193661985698	0.335765324103136	0.342041013911167	894
Miguel	M	0.399314146341041	0.328685811632997	0.272000042025961	888
Ivan	M	0.371759765374016	0.372847881930514	0.25539235269547	888
Ann	F	0.355840382900911	0.426681360919829	0.21747825617926	888
Ted	M	0.270571721042959	0.321095287309509	0.408332991647532	887
Kim	F	0.34822458890081	0.299979206758705	0.351796204340485	884
Amanda	F	0.34210040494135	0.310634790012705	0.347264805045946	882
Vera	F	0.441628258095778	0.206109845678861	0.352261896225362	872
Phil	M	0.302659536120529	0.26522036865673	0.432120095222741	872
Edward	M	0.375038510188727	0.402549894790577	0.222411595020696	868
Margaret	F	0.432571293024716	0.252151885877118	0.315276821098165	864
Louise	F	0.409511897914513	0.235332951307524	0.355155150777962	864
Roy	M	0.294720947679594	0.427620575761016	0.277658476559391	864
Jean	M	0.421967371418951	0.292490330661326	0.285542297919723	861
Ed	M	0.312247496477647	0.374742328129919	0.313010175392433	858
Rick	M	0.281254449565081	0.407837608227934	0.310907942206985	851
Diana	F	0.339052354317276	0.360189204960789	0.300758440721935	846
Samantha	F	0.289575924029618	0.365937792777366	0.344486283193016	845
Catherine	F	0.438477762438579	0.275255992205889	0.286266245355532	844
Mario	M	0.36222738740998	0.23352292940598	0.40424968318404	844
Louis	M	0.377379458468734	0.333294852126283	0.289325689404983	838
Sandra	F	0.377728030820859	0.263724852726268	0.358547116452872	837
Sean	M	0.373664885527108	0.353775230023004	0.272559884449887	835
Gary	M	0.295738161982013	0.25154406202659	0.452717775991398	834
Martha	F	0.423067338824951	0.24615553215195	0.330777129023099	826
Rosa	F	0.435826906597898	0.191727651205821	0.372445442196281	826
Joan	F	0.325103514631359	0.37915532104589	0.295741164322751	823
Ellen	F	0.366408255263487	0.321343695290525	0.312248049445988	822
Dick	M	0.197414912160338	0.429415313829589	0.373169774010073	822
Luke	M	0.287318715352237	0.42730453076882	0.285376753878943	819
Jan	M	0.418231646063258	0.293045466337731	0.288722887599011	818
Bruno	M	0.360779471215051	0.262403076783349	0.3768174520016	818
Molly	F	0.289075010651937	0.343480015272842	0.367444974075221	813
Hans	M	0.383577721958872	0.28001637851561	0.336405899525518	808
Ken	M	0.23436859605805	0.478380771717193	0.287250632224757	792
Kim	M	0.364404859369766	0.391772831041341	0.243822309588893	789
Michelle	F	0.36888183019939	0.27283251348242	0.35828565631819	785
Carmen	F	0.417577054655148	0.233237542898744	0.349185402446107	783
Gloria	F	0.316190924904808	0.273206286519195	0.410602788575997	782
Josh	M	0.302441022694299	0.299868020186649	0.397690957119052	778
Paula	F	0.419492887770151	0.196406589712516	0.384100522517334	774
Clara	F	0.483874177224302	0.177748971566598	0.338376851209101	772
Al	M	0.301479650694528	0.345745027810782	0.352775321494691	768
Luis	M	0.412208917815088	0.301599850545733	0.286191231639179	766
Lily	F	0.361987855020154	0.312712147927891	0.325299997051955	761
Jonathan	M	0.324419761977279	0.387658740322695	0.287921497700027	757
Gabriel	M	0.394342151828401	0.344833458997736	0.260824389173863	746
Marco	M	0.370537680802872	0.352377667817962	0.277084651379166	744
Lola	F	0.317025121235058	0.273885045167158	0.409089833597784	739
Greg	M	0.299407718415274	0.276876200437941	0.423716081146785	732
Marta	F	0.475585740610518	0.173599527919838	0.350814731469644	731
Anthony	M	0.32454269164472	0.351266292725184	0.324191015630096	731
Kelly	F	0.292878712300208	0.335154509070662	0.37196677862913	730
Christine	F	0.426870345031681	0.227012125299586	0.346117529668733	725
Beth	F	0.381365945220598	0.260788582494833	0.357845472284569	724
Barry	M	0.254299234228374	0.259740497408079	0.485960268363547	721
Bruce	M	0.205366018906861	0.503255067721546	0.291378913371593	714
Marcus	M	0.326127940838703	0.439272574655111	0.234599484506186	713
Tina	F	0.3050802027781	0.26617073436758	0.42874906285432	709
Irene	F	0.442601426624424	0.22205969840255	0.335338874973026	704
Terry	M	0.312775196252087	0.333993549952636	0.353231253795277	701
Teresa	F	0.49562913793663	0.213480667913261	0.290890194150109	693
Alexander	M	0.383862248451276	0.376000675793397	0.240137075755327	692
Victoria	F	0.39178653920866	0.281445506898611	0.326767953892729	691
Rebecca	F	0.382376265507213	0.288724982334162	0.328898752158624	684
Brad	M	0.238694825971278	0.326689324292137	0.434615849736586	682
Steven	M	0.319678464777386	0.354008282183926	0.326313253038687	680
Nicole	F	0.349038071387162	0.304689441993435	0.346272486619403	677
Duke	M	0.247568964601404	0.501397881821783	0.251033153576813	674
Olga	F	0.439260385252929	0.20396064335766	0.356778971389411	664
Patricia	F	0.362841869788723	0.291798685162301	0.345359445048976	662
Isabel	F	0.452023023895054	0.293364345886415	0.254612630218532	660
Jacob	M	0.409429298417639	0.3446906063074	0.245880095274962	660
Lucas	M	0.364735951939981	0.354581638897052	0.280682409162967	656
Katie	F	0.349010552253795	0.27160982352696	0.379379624219245	656
Nora	F	0.440977684779836	0.252986164275154	0.306036150945011	655
Caroline	F	0.381734520069147	0.244890068733627	0.373375411197226	653
Manuel	M	0.397707830025785	0.347125718844228	0.255166451129987	651
Philip	M	0.388194695491472	0.326479475590109	0.285325828918419	649
Lena	F	0.443241660078165	0.265340862125352	0.291417477796483	648
Dennis	M	0.31063640025545	0.288297993255676	0.401065606488874	648
Donna	F	0.327439188916469	0.273971258787551	0.39858955229598	635
Oliver	M	0.348915998152438	0.28361176872054	0.367472233127022	632
Christian	M	0.407122334159686	0.238554969376281	0.354322696464033	630
Hannah	F	0.45962461588295	0.18063449784238	0.35974088627467	626
Janet	F	0.340486805496528	0.33631620529478	0.323196989208693	626
Kyle	M	0.25678516261442	0.401677362252771	0.341537475132809	625
Jay	M	0.298614074740784	0.334628865151085	0.36675706010813	624
Doug	M	0.273887701358954	0.276923409363916	0.44918888927713	620
Roberto	M	0.403635390461945	0.24268165322988	0.353682956308174	617
Claudia	F	0.399391228639264	0.203226815314909	0.397381956045826	608
Joey	M	0.328628452828203	0.309666261592227	0.36170528557957	608
Liz	F	0.341263328792676	0.24376639422105	0.414970276986274	607
Gina	F	0.316671255496383	0.328305717469526	0.355023027034091	604
Stephen	M	0.439174542278258	0.282909862540407	0.277915595181335	601
Pablo	M	0.361163873034738	0.307599159478611	0.331236967486651	600
Stella	F	0.383104288251066	0.245156985362424	0.37173872638651	595
Carla	F	0.379561913959283	0.27943802635278	0.341000059687937	594
Jean	F	0.392784099745514	0.362556576171267	0.244659324083219	592
Samuel	M	0.43691771322858	0.314437841355911	0.248644445415509	590
Marc	M	0.378221729390902	0.221654697023601	0.400123573585496	590
Aaron	M	0.350496038067944	0.33079098283381	0.318712979098246	588
Rob	M	0.279491685576741	0.336933642780394	0.383574671642865	588
Hank	M	0.247650147246688	0.452624092571507	0.299725760181805	586
Matthew	M	0.421820207157517	0.298462291931369	0.279717500911114	584
Harold	M	0.289580461503455	0.328901465955453	0.381518072541092	582
Marina	F	0.366407298110281	0.262779616813921	0.370813085075798	581
Monica	F	0.352334345098371	0.289039037742025	0.358626617159604	580
Alex	F	0.305826818275987	0.395581955409546	0.298591226314467	579
Judy	F	0.293277607563153	0.299152108560942	0.407570283875905	579
Helena	F	0.465202765704527	0.248267098468637	0.286530135826836	578
Andrea	F	0.426167782137642	0.248346714666645	0.325485503195713	578
Benjamin	M	0.324098221755339	0.360655648429171	0.31524612981549	577
Diane	F	0.395630943759147	0.264593933690126	0.339775122550727	575
Anita	F	0.360736069337732	0.298897629482859	0.340366301179409	575
Diego	M	0.355265058526288	0.386154747545018	0.258580193928694	572
Felix	M	0.312483046141173	0.314797859378694	0.372719094480132	571
Jacques	M	0.38420456488075	0.288793046963461	0.327002388155788	565
Ralph	M	0.324383203556108	0.312976659635571	0.362640136808321	564
Lee	F	0.38227842833669	0.379532314691053	0.238189256972257	563
Olivia	F	0.439871140793635	0.19044624979619	0.369682609410174	560
Nathan	M	0.342220785495988	0.36009956434881	0.297679650155202	559
Chuck	M	0.203630421808748	0.431993484396927	0.364376093794325	559
Ron	M	0.296626773806939	0.331981995391697	0.371391230801364	558
Jackie	F	0.316138374585802	0.281320735759013	0.402540889655185	557
Maya	F	0.330561223500093	0.444909643378647	0.22452913312126	556
Donald	M	0.288043301398506	0.310880929137523	0.401075769463971	552
Jill	F	0.312470636325731	0.285780744735264	0.401748618939005	546
Anton	M	0.364344346929151	0.313298915396928	0.322356737673921	545
Sylvia	F	0.374124774831007	0.267599484587981	0.358275740581013	545
Natalie	F	0.378453804273315	0.272177036692543	0.349369159034142	544
Eve	F	0.35708798880684	0.346998767990748	0.295913243202412	538
Howard	M	0.304966265503536	0.340034715704796	0.354999018791668	538
Dean	M	0.301374228944168	0.302174499183411	0.396451271872421	538
Oscar	M	0.312075613918772	0.312363060783748	0.375561325297481	534
Fernando	M	0.422797581445057	0.227461199363389	0.349741219191554	531
Hugo	M	0.31988360045234	0.266528609350823	0.413587790196837	526
Ian	M	0.364442678502873	0.323385070626839	0.312172250870289	525
Vanessa	F	0.355605559481962	0.289467830687174	0.354926609830864	525
Bernard	M	0.355247284633245	0.212253623711299	0.432499091655456	524
Francis	M	0.286075841067546	0.395758707485912	0.318165451446543	521
Alberto	M	0.416768952579968	0.167343080259965	0.415887967160067	520
Sebastian	M	0.348954147497973	0.28832533424094	0.362720518261087	518
Gordon	M	0.254164694971011	0.445045749704824	0.300789555324165	517
Sonia	F	0.329935932145292	0.373161720101292	0.296902347753416	515
Alfred	M	0.323967505284281	0.302293487480935	0.373739007234783	514
Cindy	F	0.252642729286288	0.30401802069809	0.443339250015622	508
Ricardo	M	0.366667333600327	0.316291507252256	0.317041159147416	504
Stefan	M	0.448649970661053	0.219383409432485	0.331966619906462	503
Erik	M	0.405382545892101	0.329171667482872	0.265445786625027	503
Jorge	M	0.417340907507717	0.21364043306591	0.369018659426373	500
Chloe	F	0.34244277379633	0.24952737177233	0.408029854431339	499
Alicia	F	0.407057266623758	0.316699956622859	0.276242776753383	498
Boris	M	0.304951970879921	0.417323457949974	0.277724571170104	497
Todd	M	0.259316480029746	0.247152756764867	0.493530763205387	495
Park	M	0.350747246680196	0.323533976981608	0.325718776338196	494
Stan	M	0.281146468043843	0.284823306341616	0.434030225614541	494
Sheila	F	0.293918943230899	0.306299598278115	0.399781458490986	492
Mona	F	0.342839204029137	0.269425346891057	0.387735449079807	491
Raymond	M	0.359465744805666	0.3420122070453	0.298522048149034	490
Jeremy	M	0.347532516588758	0.274434433909579	0.378033049501663	490
Katherine	F	0.407706419427121	0.353982405253144	0.238311175319735	487
Wendy	F	0.282610271913489	0.263871808597801	0.45351791948871	481
Sam	F	0.329477056441727	0.305970466081288	0.364552477476985	479
Jesse	M	0.34644962035166	0.37117580061229	0.282374579036051	476
Dorothy	F	0.287347639341828	0.366942660303588	0.345709700354584	475
Marianne	F	0.444717524529752	0.174439433253559	0.380843042216689	474
Sue	F	0.329803172011488	0.292714970512044	0.377481857476469	474
Otto	M	0.30297241519425	0.359473064577293	0.337554520228457	473
Melissa	F	0.308417269037602	0.302776248002639	0.388806482959759	473
Julian	M	0.34995270688523	0.327173731202507	0.322873561912263	467
Marion	F	0.356610803854383	0.295961498816996	0.347427697328621	466
Derek	M	0.31533858300843	0.311476021708893	0.373185395282678	466
Heather	F	0.291044654783171	0.30851476586493	0.400440579351899	466
Stanley	M	0.30729389115619	0.316767931562903	0.375938177280906	462
Justin	M	0.310610869018193	0.284615830395802	0.404773300586004	462
Doris	F	0.300536482797549	0.304466904038536	0.394996613163915	461
Michel	M	0.411552882984377	0.178152581293335	0.410294535722288	457
Peggy	F	0.317318626632234	0.288044811568594	0.394636561799172	457
Daisy	F	0.292022289774704	0.268434738593702	0.439542971631594	457
Vince	M	0.295037462305311	0.384899052182546	0.320063485512143	455
Jones	M	0.217599675996819	0.480392682059051	0.30200764194413	455
Connie	F	0.322334428178712	0.308115653455795	0.369549918365493	452
Jackson	M	0.266862602906972	0.463128716100135	0.270008680992892	452
Antoine	M	0.378380003637808	0.207636251208876	0.413983745153316	450
Lauren	F	0.358827063167656	0.265951722183357	0.375221214648987	450
Keith	M	0.326949720349188	0.314588673365475	0.358461606285337	449
Mickey	M	0.300579610017844	0.328277275884365	0.371143114097791	448
Tyler	M	0.280292375376816	0.406608238512891	0.313099386110293	447
Franz	M	0.433921358779654	0.208808190107807	0.357270451112539	446
Maurice	M	0.393555705716104	0.166126097474497	0.440318196809399	445
Jeanne	F	0.527181869138839	0.216968522307383	0.255849608553777	444
Kurt	M	0.317259481583902	0.376811231578798	0.3059292868373	444
Veronica	F	0.312649210695463	0.241908679881634	0.445442109422902	444
Benny	M	0.290063262839857	0.296901862438915	0.413034874721228	443
Stephanie	F	0.320383154254177	0.239032921305795	0.440583924440028	442
Sharon	F	0.357604964312639	0.314654173351608	0.327740862335753	441
Virginia	F	0.431626735200267	0.236855426705627	0.331517838094106	438
Carlo	M	0.341827377432323	0.283948312170984	0.374224310396693	438
Smith	M	0.217927775045498	0.520312683008062	0.261759541946439	437
Neil	M	0.311020628869927	0.324694508352793	0.36428486277728	436
Sofia	F	0.4473742139744	0.235228935298824	0.317396850726777	434
Marty	M	0.293686111402675	0.303757874121081	0.402556014476244	432
Ricky	M	0.283976467799303	0.289644734795681	0.426378797405016	432
Leon	M	0.346955734773933	0.345244459288996	0.307799805937071	431
Craig	M	0.266877237312941	0.374525419182139	0.35859734350492	431
Van	M	0.22215274799183	0.475875788917422	0.301971463090748	430
Christopher	M	0.333935001934535	0.358088233302963	0.307976764762502	428
Mia	F	0.387501125347666	0.248541980437364	0.36395689421497	426
Kitty	F	0.318104130729548	0.284207964802172	0.39768790446828	425
Ethan	M	0.340667767195723	0.33388646241853	0.325445770385747	421
Isabelle	F	0.413828231554481	0.2646237744376	0.321547994007919	419
Jo	F	0.342531453105969	0.365629259950999	0.291839286943032	419
Lydia	F	0.387136116182112	0.273937302227576	0.338926581590312	415
Earl	M	0.327869485708645	0.340622544078925	0.331507970212429	415
Denise	F	0.356545073564982	0.267054238261425	0.376400688173593	413
Frankie	M	0.277226823734764	0.342288863545078	0.380484312720158	409
June	F	0.353746414076954	0.317151440894325	0.329102145028721	408
Silvia	F	0.371393649173382	0.199883206497909	0.428723144328708	408
Angel	F	0.274111456649184	0.416544436422168	0.309344106928648	408
Miles	M	0.291607241285774	0.404260159453088	0.304132599261138	407
Jamie	M	0.426895617523167	0.28342473903125	0.289679643445583	406
Colin	M	0.353933085868297	0.261487772705674	0.384579141426028	405
Judith	F	0.448395130530267	0.202997102202869	0.348607767266864	402
Esther	F	0.450302807692406	0.209166814276695	0.340530378030899	401
Kathy	F	0.411610648258079	0.243703554540805	0.344685797201116	401
Cynthia	F	0.348935184500257	0.321905697885267	0.329159117614476	400
Zoe	F	0.318299260508292	0.289872740629389	0.391827998862319	400
Bert	M	0.271595971216782	0.360829931922629	0.367574096860589	400
Francisco	M	0.390869367718605	0.360564745207208	0.248565887074186	399
Travis	M	0.282632760671043	0.452843917714622	0.264523321614335	399
Melanie	F	0.350795898901477	0.229820780761045	0.419383320337478	397
Megan	F	0.313801748863395	0.305514169674937	0.380684081461668	397
Mitch	M	0.302466452393659	0.349900927255896	0.347632620350445	397
Henri	M	0.389085070581793	0.291150904142421	0.319764025275786	395
Ruby	F	0.316109733603173	0.348747198918104	0.335143067478723	395
Penny	F	0.263641971086085	0.316644297951209	0.419713730962705	392
Gwen	F	0.248850136695177	0.388927196116993	0.362222667187831	392
Gus	M	0.293453127439006	0.325745899771313	0.380800972789682	391
Iris	F	0.398607270953349	0.269674491124277	0.331718237922374	390
Evelyn	F	0.369941817681343	0.29722379066762	0.332834391651037	390
Sandy	F	0.310291306313925	0.281236664227553	0.408472029458523	389
Ashley	F	0.289672718313145	0.283853706826127	0.426473574860728	389
Noah	M	0.345472437037252	0.404676551992726	0.249851010970022	386
Willie	M	0.308640749845076	0.340594762295383	0.350764487859541	386
Robin	M	0.161681395428405	0.585130278633391	0.253188325938204	385
Jonas	M	0.443036754715463	0.289278076930585	0.267685168353952	383
Suzanne	F	0.393398217636709	0.219006164533289	0.387595617830002	383
Trevor	M	0.268617918530202	0.328183029281727	0.403199052188071	383
Audrey	F	0.342277382834297	0.237573137816759	0.420149479348943	381
Holly	F	0.348677680366732	0.233287995115903	0.418034324517365	380
Norman	M	0.304380617023868	0.311019599089447	0.384599783886685	380
Seth	M	0.250283189676479	0.438106939973944	0.311609870349577	378
Lou	M	0.315870607959381	0.289546874359113	0.394582517681506	377
Brenda	F	0.319135219244715	0.227356094901163	0.453508685854121	376
Harvey	M	0.248868698759382	0.393528148093419	0.357603153147199	376
Jon	M	0.334104516931994	0.292945517299468	0.372949965768538	375
Natasha	F	0.338038829278433	0.299191948184882	0.362769222536685	374
Johnson	M	0.251984731850584	0.459183239277956	0.28883202887146	373
Valerie	F	0.387442671803666	0.295804376674866	0.316752951521468	372
Luisa	F	0.429658134288219	0.224757625144299	0.345584240567481	367
Hector	M	0.267173858613249	0.395295142000958	0.337530999385793	367
Miriam	F	0.427780766656267	0.271356546767944	0.30086268657579	366
Elisabeth	F	0.541200579456525	0.117327067128992	0.341472353414483	365
Angie	F	0.310215862166534	0.291824808317505	0.397959329515961	365
Pat	M	0.302955993453976	0.316566678651968	0.380477327894056	365
Cathy	F	0.373792284508697	0.326138792813065	0.300068922678239	364
Amber	F	0.291018570611512	0.274637487443258	0.434343941945231	364
Tanya	F	0.358653614262383	0.319818497943837	0.32152788779378	363
Simone	F	0.400804910051065	0.27680496794117	0.322390122007764	362
Roman	M	0.402702175859332	0.326761677629687	0.270536146510982	361
Tracy	F	0.275858112817616	0.345726227202121	0.378415659980264	361
Ellie	F	0.363565225993004	0.324198278946188	0.312236495060808	358
Nikki	F	0.316276011329314	0.265068336088363	0.418655652582322	358
Agnes	F	0.407623706420918	0.240376567636734	0.351999725942348	357
Claude	M	0.345162842170897	0.199377172811334	0.455459985017768	357
Karin	F	0.442370664027717	0.201136678756202	0.356492657216081	356
Angel	M	0.32420480400191	0.387619863349691	0.288175332648399	354
Jesus	M	0.313194907021014	0.267346941266795	0.419458151712191	354
Joanna	F	0.390345427759113	0.34821061073532	0.261443961505566	352
Leonard	M	0.34317214901892	0.311038654586858	0.345789196394222	351
Kenny	M	0.337817863054437	0.231722190660341	0.430459946285222	351
Abby	F	0.316711963077308	0.318452326270977	0.364835710651716	351
Randy	M	0.227608836022489	0.266316733709809	0.506074430267702	350
Lucia	F	0.413007251941983	0.298498795333235	0.288493952724781	349
Joel	M	0.422985542651565	0.196944844874999	0.380069612473436	349
Malcolm	M	0.335659488000824	0.343411317343223	0.320929194655953	349
Cristina	F	0.474062047390337	0.181494299592119	0.344443653017544	348
Ned	M	0.244424365050211	0.399489196223778	0.356086438726012	348
Andreas	M	0.503517716109611	0.135640953038932	0.360841330851457	347
Lance	M	0.225214693687222	0.349997524810699	0.424787781502078	347
Herbert	M	0.325109238662252	0.251086952584184	0.423803808753564	346
Dolores	F	0.32297533797647	0.339783800137977	0.337240861885552	345
Debbie	F	0.29483137272272	0.183285316495416	0.521883310781863	345
Freddy	M	0.27095091751628	0.286748633330176	0.442300449153544	343
Wayne	M	0.297365498663716	0.34922490349729	0.353409597838994	342
Edgar	M	0.383308423485936	0.266052592096728	0.350638984417336	341
May	F	0.280319948157447	0.425978965821101	0.293701086021452	341
Ella	F	0.433271835422222	0.247174341830303	0.319553822747474	340
Elsa	F	0.395506957243209	0.291640347418401	0.31285269533839	340
Brandon	M	0.310977139712699	0.326366001531688	0.362656858755613	340
Teddy	M	0.269363510432854	0.310408110524209	0.420228379042938	340
Allison	F	0.266523523716242	0.325939584070971	0.407536892212786	340
Lewis	M	0.3305373411059	0.341299731661356	0.328162927232744	338
Owen	M	0.314794880340356	0.370614136369628	0.314590983290016	338
Roland	M	0.30914751841491	0.349892573081804	0.340959908503286	337
Miranda	F	0.315958829953531	0.30750875368244	0.37653241636403	337
Ronnie	M	0.323453984967666	0.315547672740812	0.360998342291522	335
Morgan	M	0.24599058650994	0.4927515008261	0.26125791266396	335
Franco	M	0.31669892124484	0.252164026107965	0.431137052647195	334
Julien	M	0.423677374565578	0.225227797523533	0.351094827910889	333
Tara	F	0.338607334955681	0.352062901329897	0.309329763714422	333
Dylan	M	0.32789334727741	0.295043233008061	0.377063419714529	333
Fanny	F	0.422913671387379	0.130063522159782	0.447022806452839	332
Elaine	F	0.372724230797141	0.306798963766768	0.320476805436091	332
Willy	M	0.272970913197711	0.354439657210504	0.372589429591786	332
Omar	M	0.322427463786516	0.444388006407204	0.233184529806279	330
Dana	F	0.324659358146716	0.325330201601937	0.350010440251348	330
Buddy	M	0.225616099185183	0.307382817398425	0.467001083416392	330
Natalia	F	0.408742147462767	0.213266471249236	0.377991381287997	329
Phillip	M	0.376567992709567	0.297841410936738	0.325590596353696	329
Jose	M	0.279870181658577	0.43327565124892	0.286854167092503	329
Eduardo	M	0.378230088734869	0.316491159930978	0.305278751334153	328
Becky	F	0.310476193816957	0.267567214146567	0.421956592036477	328
Carter	M	0.258712404679019	0.458667737349488	0.282619857971492	328
Toby	M	0.275422552531405	0.326197745839924	0.398379701628672	328
Giovanni	M	0.435567455905611	0.216609971447064	0.347822572647325	327
Lynn	F	0.391980105573123	0.338177532995701	0.269842361431176	325
Marcel	M	0.401740640542397	0.221687009047543	0.376572350410061	325
Rafael	M	0.46443262036043	0.241047653794713	0.294519725844857	324
Lawrence	M	0.355894456329645	0.317070900521539	0.327034643148816	324
Hanna	F	0.519571096559145	0.161385819120888	0.319043084319967	322
Evan	M	0.32755236458993	0.343761459836657	0.328686175573413	322
Edith	F	0.436850140884791	0.247213079097381	0.315936780017828	321
Beatrice	F	0.345485783184215	0.212825044608481	0.441689172207305	321
Clark	M	0.210842224027923	0.484189059623434	0.304968716348644	321
Sergio	M	0.399946997767485	0.257480122478351	0.342572879754164	320
Lorenzo	M	0.352747815971504	0.277886589515246	0.36936559451325	320
Russell	M	0.320009723819066	0.35568507727015	0.324305198910784	320
Vivian	F	0.315711138443343	0.273917039093397	0.410371822463259	320
Theo	M	0.368597898459526	0.292694150224533	0.338707951315941	319
Pamela	F	0.291693531638236	0.313322635033295	0.394983833328468	319
Jessie	F	0.387789261327973	0.372686844157703	0.239523894514324	318
Vicky	F	0.349406458440273	0.247559165994235	0.403034375565491	318
Nicholas	M	0.406116166943062	0.358916237373343	0.234967595683595	317
Blake	M	0.27081122388392	0.439544255089972	0.289644521026108	317
Florence	F	0.456121100623921	0.189698569955032	0.354180329421047	316
Ingrid	F	0.432399797396312	0.181914394533573	0.385685808070115	314
Yvonne	F	0.398793933865861	0.143239684920864	0.457966381213276	314
Adrian	M	0.366640498863237	0.259207239948282	0.37415226118848	313
Javier	M	0.466367248998118	0.249423890424868	0.284208860577014	312
Felipe	M	0.402853901662195	0.230011197140806	0.367134901196999	312
Eli	M	0.378953575766357	0.311926498881439	0.309119925352203	312
Shirley	F	0.318780348123745	0.267825247546771	0.413394404329485	312
April	F	0.298003328151207	0.331665470685935	0.370331201162858	312
Joyce	F	0.346125065316907	0.29034853710927	0.363526397573822	311
Gerald	M	0.336184057006223	0.276721800736783	0.387094142256994	311
Kay	F	0.353738435018178	0.381295702517834	0.264965862463987	310
Arnold	M	0.329025891296057	0.325703726648645	0.345270382055299	310
Julio	M	0.413530369595232	0.239818503274686	0.346651127130082	309
Chad	M	0.206127376846231	0.287922778658033	0.505949844495736	309
Warren	M	0.329652688447647	0.311143025974047	0.359204285578306	306
Joshua	M	0.293372753569684	0.446825147780654	0.259802098649662	305
Christina	F	0.433931226835916	0.279532194874713	0.286536578289371	304
Andre	M	0.313784348071364	0.403675687528275	0.282539964400361	304
Polly	F	0.242033488448096	0.325687979981231	0.432278531570674	304
Leslie	F	0.358924351566848	0.211308026478289	0.429767621954863	303
Junior	M	0.219940034765918	0.351924990789381	0.428134974444701	303
Carrie	F	0.366486500381162	0.312837286609842	0.320676213008995	302
Alma	F	0.530521619989562	0.156424864478425	0.313053515532013	301
Sonny	M	0.314248428322044	0.406967866556095	0.278783705121861	301
Sid	M	0.23298172627265	0.373363928448828	0.393654345278522	300
Lawyer	M	0.386034941315651	0.194296267532268	0.419668791152081	299
Francesca	F	0.346335364901411	0.254258404522685	0.399406230575904	299
Margot	F	0.431569912562875	0.175528558243886	0.392901529193239	298
Grant	M	0.285790011592625	0.463855803153415	0.25035418525396	298
Isaac	M	0.342316456064376	0.427029609115446	0.230653934820178	297
Douglas	M	0.317047746452868	0.383466428233643	0.299485825313489	297
Rosie	F	0.281764096588635	0.294510885647578	0.423725017763787	297
Angelo	M	0.372240193588296	0.325314153802154	0.30244565260955	296
Fritz	M	0.315784056717126	0.280800326936075	0.403415616346798	295
Mariana	F	0.521277931785972	0.191669074934778	0.28705299327925	294
Buck	M	0.192217078767569	0.561229141818771	0.24655377941366	294
Josef	M	0.420979066282738	0.129944538043738	0.449076395673524	293
Amelia	F	0.439954366994125	0.240045646903768	0.319999986102107	292
Hugh	M	0.425641510788372	0.275424799870819	0.298933689340809	291
Ernesto	M	0.408740226599876	0.237973053839152	0.353286719560972	291
Jordan	M	0.37617007529316	0.249316757272493	0.374513167434347	291
Alexandra	F	0.431091684150415	0.262542594728291	0.306365721121294	290
Lenny	M	0.319719645352636	0.259241614017522	0.421038740629842	289
Ross	M	0.31234558238945	0.374631042616956	0.313023374993593	288
Wanda	F	0.311294920308949	0.252292832463164	0.436412247227887	288
Calvin	M	0.309583944718235	0.319484044955031	0.370932010326734	287
Alejandro	M	0.431339153632302	0.328969568208192	0.239691278159505	286
Juliette	F	0.441040651460269	0.150525454395268	0.408433894144463	286
Lara	F	0.330551689774197	0.420825810673437	0.248622499552367	286
Graham	M	0.366044965283033	0.237761402304941	0.396193632412026	286
Wilson	M	0.30146208300192	0.405719991861186	0.292817925136894	285
Liam	M	0.397462347533252	0.196724591010401	0.405813061456347	284
Taylor	M	0.332850630384743	0.411886345643529	0.255263023971727	284
Arturo	M	0.371111645353399	0.254217978285687	0.374670376360914	284
Jess	F	0.343394806546462	0.272633851979682	0.383971341473856	284
Jamie	F	0.336280808111683	0.278792816336004	0.384926375552313	284
Bonnie	F	0.274685883915483	0.379266298134622	0.346047817949895	284
Camille	F	0.425388210560505	0.200084599382452	0.374527190057043	282
Regina	F	0.380260210126103	0.278224020844616	0.341515769029281	282
Bo	M	0.275146411408053	0.43880526049909	0.286048328092858	282
Nadia	F	0.372182872012029	0.372277497521732	0.255539630466239	281
Candy	F	0.242308898600432	0.271098076259949	0.486593025139619	281
Arjun	M	0.231763771860545	0.628780427311414	0.139455800828041	280
Mac	M	0.23487903775321	0.455718253697813	0.309402708548978	280
Madeleine	F	0.44934225562523	0.227609380648914	0.323048363725856	279
Sophia	F	0.402838261301012	0.32548378099808	0.271677957700907	279
Meg	F	0.403434243418724	0.231382802463446	0.36518295411783	279
Mercedes	F	0.415343884433006	0.24082134624751	0.343834769319484	278
Joy	F	0.32898713468814	0.310621037606335	0.360391827705525	278
Shane	M	0.291856000732103	0.418117591172256	0.290026408095641	278
Isabella	F	0.248845897395358	0.481956471711807	0.269197630892835	278
Freddie	M	0.267891943080545	0.296613598687374	0.435494458232081	278
Barney	M	0.288804668880235	0.401156887116814	0.310038444002951	277
Dora	F	0.409167721688216	0.241802647404327	0.349029630907457	276
Pauline	F	0.376051011548386	0.223554733371384	0.40039425508023	276
Rocky	M	0.246223956287789	0.468245240085589	0.285530803626622	276
Alison	F	0.360053047229183	0.296368984529748	0.343577968241069	275
Marcos	M	0.376172850352313	0.367569810140794	0.256257339506893	274
Jo	M	0.339591684557902	0.375308585882976	0.285099729559122	274
German	M	0.296436081042451	0.522866170054389	0.18069774890316	274
Vic	M	0.303284403199143	0.400938967563018	0.295776629237839	274
Mimi	F	0.294469036072153	0.268864130175866	0.436666833751981	274
Wong	M	0.145214908008494	0.662456254271118	0.192328837720389	274
Margarita	F	0.395151710976393	0.242860503815056	0.36198778520855	273
Marilyn	F	0.336192186637446	0.229897516801881	0.433910296560673	273
Ahmed	M	0.415299993627811	0.348059525051398	0.236640481320792	272
Mara	F	0.383164509685592	0.30277692250229	0.314058567812118	271
Alfredo	M	0.36804933418993	0.264548704101226	0.367401961708844	271
Erica	F	0.351947023786359	0.30625080430862	0.341802171905021	271
Enrique	M	0.375509921408152	0.266162502017683	0.358327576574165	270
Troy	M	0.290070321163855	0.385103856344906	0.324825822491239	270
Violet	F	0.299041371508402	0.328198259630024	0.372760368861573	270
Zack	M	0.213323325423589	0.437188125012804	0.349488549563607	270
Pat	F	0.364598842980508	0.316783565959041	0.318617591060451	269
Eleanor	F	0.408575237664681	0.286404960949492	0.305019801385828	268
Gene	M	0.297382450804031	0.388544752608283	0.314072796587686	268
Pam	F	0.312531112620121	0.246622183341951	0.440846704037928	268
Ernest	M	0.389579090572869	0.224246598042603	0.386174311384528	266
Cliff	M	0.321161072354878	0.363237242486054	0.315601685159069	265
Emilio	M	0.297758028027686	0.392147746366828	0.310094225605486	265
Art	M	0.29366068823638	0.385179383286569	0.321159928477051	265
Frances	F	0.477465526500005	0.216510836538395	0.3060236369616	264
Kenneth	M	0.326908614592907	0.331183931022703	0.341907454384391	264
Liza	F	0.416301403325026	0.187763541170892	0.395935055504082	262
Toni	M	0.373799274120907	0.209680852575947	0.416519873303146	262
Sammy	M	0.312119996179917	0.274041652565388	0.413838351254695	262
Mason	M	0.265577540624278	0.492317687233552	0.24210477214217	261
Rex	M	0.216421236618835	0.437932226774026	0.345646536607139	261
Rodrigo	M	0.467437563768294	0.300522572427634	0.232039863804071	260
Lars	M	0.322975878661252	0.334928890956389	0.342095230382359	260
Ernie	M	0.265730010712211	0.313649492370985	0.420620496916803	260
Darren	M	0.347412684737887	0.217877618985792	0.434709696276321	259
Federico	M	0.412983257402838	0.190174663398814	0.396842079198348	258
Erika	F	0.38438838765503	0.262160027548323	0.353451584796647	258
Timothy	M	0.262566266972534	0.432250183761864	0.305183549265602	258
Nico	M	0.332901141693102	0.310699330187739	0.356399528119158	257
Tiffany	F	0.223837350225989	0.262603947294937	0.513558702479074	256
Janice	F	0.374605519316733	0.214908864369311	0.410485616313956	255
Hal	M	0.277595247723547	0.456991670039912	0.265413082236541	255
Jeffrey	M	0.276384474143573	0.394600409950339	0.329015115906088	255
Helga	F	0.342845769328885	0.315019790080258	0.342134440590858	254
Elvira	F	0.36446036133129	0.163198236823887	0.472341401844823	254
Elliot	M	0.269726152200976	0.361808054297685	0.368465793501339	254
Mandy	F	0.265386551777848	0.238305317801548	0.496308130420605	254
Cora	F	0.344911272249674	0.352730948460203	0.302357779290123	253
Bernie	M	0.27136195887196	0.328725927930207	0.399912113197834	253
Stuart	M	0.337271805996399	0.254861650575487	0.407866543428114	252
Nelson	M	0.307442464663501	0.348760266612241	0.343797268724258	252
