name	sex	dramaRatio	actionRatio	comedyRation	total
John	M	0.357134430022859	0.419180295444572	0.22368527453257	8340
Jack	M	0.291146482619005	0.436848838654027	0.272004678726968	5613
David	M	0.417820138426155	0.303347402719752	0.278832458854094	4953
Paul	M	0.423959527127572	0.255191005712632	0.320849467159796	4715
Tom	M	0.34640534833453	0.349401195926312	0.304193455739158	4480
Frank	M	0.351265539939516	0.384606718412018	0.264127741648466	4391
Joe	M	0.327269755015999	0.378958332794911	0.29377191218909	4304
Michael	M	0.395699246076425	0.312962273810869	0.291338480112706	4148
Peter	M	0.365719879822594	0.30557239382828	0.328707726349126	4130
Mary	F	0.377457096890725	0.30538848666273	0.317154416446545	4029
George	M	0.342916355070614	0.323529294430142	0.333554350499244	3849
Mike	M	0.310141408566706	0.34948996785359	0.340368623579705	3677
Anna	F	0.493209715792587	0.233742705939281	0.273047578268133	3631
James	M	0.350536334476433	0.400805726162292	0.248657939361275	3617
Robert	M	0.401106644546317	0.331334487818005	0.267558867635678	3438
Sam	M	0.315356078058527	0.377886213975749	0.306757707965725	3400
Maria	F	0.433598070208169	0.284270162355101	0.28213176743673	3363
Jim	M	0.296897257636847	0.457130271943862	0.245972470419291	3197
Bill	M	0.292012645062151	0.400613540734085	0.307373814203765	3126
Ben	M	0.349357363425139	0.342513714837534	0.308128921737327	2996
Sarah	F	0.407545476012043	0.278240795550903	0.314213728437054	2963
Harry	M	0.319380666460993	0.344705494938996	0.335913838600011	2957
Richard	M	0.378265356055735	0.31090883419083	0.310825809753435	2910
Steve	M	0.281656519244451	0.378041623427112	0.340301857328437	2828
Max	M	0.313130159147928	0.334320218124731	0.352549622727341	2724
Charlie	M	0.307085654819888	0.338620239671667	0.354294105508446	2709
Tony	M	0.312602517161001	0.352967276448972	0.334430206390028	2669
Laura	F	0.433551793030951	0.257572899992044	0.308875306977005	2657
Mark	M	0.362320180585687	0.327343926167858	0.310335893246455	2651
Thomas	M	0.428223331655457	0.324763444553091	0.247013223791452	2643
Bob	M	0.25802878235233	0.373726233707655	0.368244983940015	2627
Henry	M	0.362705212607738	0.324468653158012	0.312826134234249	2621
Alex	M	0.364853877393329	0.332286994822821	0.30285912778385	2558
Martin	M	0.406737155135239	0.288088119849863	0.305174725014897	2540
Nick	M	0.318269708635573	0.367501373074423	0.314228918290004	2469
Charles	M	0.383805494072341	0.330707302295255	0.285487203632404	2377
Johnny	M	0.276873235379981	0.432076075996553	0.291050688623465	2368
Daniel	M	0.436272672943727	0.298954171416724	0.264773155639549	2309
William	M	0.361739182666811	0.400002108485989	0.238258708847199	2285
Jimmy	M	0.292976192887183	0.329413606720973	0.377610200391845	2270
Billy	M	0.276220640913046	0.373194386367806	0.350584972719148	2239
Alice	F	0.39496418571973	0.249914810999995	0.355121003280275	2174
Lisa	F	0.351368420508469	0.305964632756435	0.342666946735096	2117
Chris	M	0.347563779074163	0.317234215528749	0.335202005397089	2069
Adam	M	0.356502873874286	0.301864755473173	0.341632370652541	2061
Jane	F	0.331177200696584	0.349346753916078	0.319476045387338	2041
Dan	M	0.297986338820379	0.396806804829008	0.305206856350613	1987
Kate	F	0.37454984939427	0.2947209707715	0.330729179834231	1979
Helen	F	0.403548311420336	0.314241247703769	0.282210440875895	1880
Simon	M	0.373467280493652	0.304823104872014	0.321709614634333	1879
Eddie	M	0.335249770489088	0.327530643373903	0.337219586137009	1866
Jake	M	0.296945866191126	0.409363191489641	0.293690942319233	1841
Dave	M	0.283712080391792	0.309060415153127	0.407227504455081	1822
Danny	M	0.334062255806675	0.337262005933913	0.328675738259412	1803
Julie	F	0.370002877794093	0.278133919651624	0.351863202554283	1786
Marie	F	0.468985101024602	0.238682362324362	0.292332536651035	1762
Susan	F	0.358748153954618	0.326570847569208	0.314680998476174	1760
Eric	M	0.345817090709961	0.359836026054977	0.294346883235062	1726
Jason	M	0.292718534454062	0.387783511178894	0.319497954367044	1716
Julia	F	0.411139760670976	0.251526233913695	0.337334005415329	1688
Jenny	F	0.332457554248285	0.306647066035034	0.360895379716682	1659
Tommy	M	0.321012389215761	0.345476702781663	0.333510908002575	1649
Walter	M	0.345490981096094	0.326784057012555	0.32772496189135	1647
Kevin	M	0.297085848497821	0.293000152362121	0.409913999140058	1646
Matt	M	0.319565545409376	0.369248599911863	0.311185854678761	1641
Claire	F	0.397278500977623	0.29201203648193	0.310709462540447	1624
Arthur	M	0.33337496769544	0.352382782063935	0.314242250240625	1620
Linda	F	0.355279054616443	0.293460384874515	0.351260560509041	1613
Barbara	F	0.346523046296674	0.280580266867233	0.372896686836093	1610
Eva	F	0.439299964780158	0.211524769843515	0.349175265376326	1606
Anne	F	0.45075513619573	0.276206107825992	0.273038755978278	1602
Victor	M	0.340329026749948	0.387902441884621	0.271768531365431	1553
Fred	M	0.32010235686424	0.295215765197228	0.384681877938532	1541
Lee	M	0.325399038351434	0.439569870527589	0.235031091120977	1533
Brian	M	0.338087334644212	0.259537977706562	0.402374687649225	1524
Rachel	F	0.387921373553548	0.308414212376631	0.303664414069821	1502
Sara	F	0.393730802420161	0.297819143371597	0.308450054208242	1496
Emily	F	0.396417859414198	0.270671399673162	0.33291074091264	1489
Elizabeth	F	0.422269924728676	0.29364881747052	0.284081257800804	1485
Emma	F	0.404682678446473	0.240745869120442	0.354571452433085	1481
Larry	M	0.271947780552779	0.322899335087904	0.405152884359318	1479
Jeff	M	0.267937065190755	0.370136145996625	0.36192678881262	1467
Lucy	F	0.343466399685212	0.284114587376636	0.372419012938153	1466
Pete	M	0.288104819057937	0.358632348671467	0.353262832270596	1452
Carl	M	0.334467791849945	0.347494531868937	0.318037676281117	1448
Tim	M	0.307920836067562	0.3322476795553	0.359831484377138	1448
Carlos	M	0.376126457393926	0.329579759561621	0.294293783044453	1442
Roger	M	0.311018561542019	0.301783783316009	0.387197655141972	1436
Bobby	M	0.314833733160537	0.310685430838301	0.374480836001162	1415
Juan	M	0.388800092914356	0.293160824022639	0.318039083063005	1409
Judge	M	0.353309725061865	0.336161256566819	0.310529018371316	1407
Sally	F	0.302836861961397	0.306287963681012	0.390875174357591	1407
Karen	F	0.382337172091028	0.286718555955203	0.330944271953769	1401
Jerry	M	0.272554973466392	0.327145642000203	0.400299384533406	1386
Betty	F	0.279422668792778	0.320923865273724	0.399653465933498	1382
Ray	M	0.337058821637524	0.375577169225613	0.287364009136863	1381
Amy	F	0.337456391711711	0.277218505032491	0.385325103255798	1381
Sister	F	0.379742827697236	0.311856811286921	0.308400361015843	1363
Andy	M	0.30043135334749	0.31461550734148	0.38495313931103	1363
Joseph	M	0.429774596127169	0.356814309342527	0.213411094530304	1361
Alan	M	0.351272131569118	0.322328568176393	0.326399300254489	1343
Rose	F	0.406511210088047	0.278280470121629	0.315208319790323	1296
Rita	F	0.339743719349719	0.301679517585697	0.358576763064584	1287
Andrew	M	0.376458902168244	0.29470252326319	0.328838574568566	1271
Nina	F	0.44139444130107	0.244314104563466	0.314291454135465	1266
Maggie	F	0.390892626453615	0.249983264452103	0.359124109094282	1241
Ed	M	0.313495846004496	0.39538492872341	0.291119225272094	1219
Angela	F	0.382524278814552	0.265841912679797	0.35163380850565	1213
Carol	F	0.354128892037785	0.289020047928667	0.356851060033548	1209
Albert	M	0.3421782139407	0.314243369820036	0.343578416239264	1206
Annie	F	0.374337100094567	0.260905781577864	0.364757118327569	1205
Ted	M	0.273669638402848	0.341626413155048	0.384703948442104	1204
Scott	M	0.285658144215515	0.386175241410533	0.328166614373952	1202
Ana	F	0.517785317250795	0.183140229302061	0.299074453447143	1197
Nancy	F	0.35459093469929	0.30292304126805	0.34248602403266	1196
Sophie	F	0.418721913861718	0.179016060099236	0.402262026039046	1193
Phil	M	0.306847447373069	0.266626060053264	0.426526492573667	1193
Jennifer	F	0.309002510594185	0.355351221393512	0.335646268012303	1188
Patrick	M	0.370817496875376	0.265457958769486	0.363724544355138	1173
Will	M	0.328515068989461	0.389734491204495	0.281750439806043	1166
Ruth	F	0.449819111826485	0.267364557469089	0.282816330704426	1164
Jessica	F	0.328745726736455	0.308205388653704	0.363048884609841	1160
Antonio	M	0.377033878114653	0.266575894956468	0.35639022692888	1156
Edward	M	0.370232965479994	0.392598602832435	0.237168431687571	1154
Pierre	M	0.417027143502957	0.283618397441963	0.29935445905508	1137
Rick	M	0.277797337672442	0.404909030756537	0.317293631571021	1119
Karl	M	0.393268766584914	0.310064975079915	0.296666258335171	1116
Vincent	M	0.360540938624255	0.365300862666311	0.274158198709434	1111
Charlotte	F	0.406102813698091	0.231741899094583	0.362155287207326	1110
Leo	M	0.351543161869296	0.306845773551703	0.341611064579001	1110
Gary	M	0.292065122014551	0.261222585408088	0.446712292577361	1099
Ann	F	0.372499452297893	0.397715152386426	0.229785395315681	1092
Margaret	F	0.433242624954897	0.257639154760875	0.309118220284228	1090
Amanda	F	0.33467687471481	0.32021281464158	0.34511031064361	1090
Roy	M	0.311381747997946	0.399295140963649	0.289323111038406	1089
Grace	F	0.439331866939647	0.234778587387257	0.325889545673096	1083
Kim	F	0.358527457035452	0.279799818057688	0.36167272490686	1073
Louise	F	0.42804704107074	0.225853043594383	0.346099915334878	1072
Ellen	F	0.383390386431722	0.310502328370811	0.306107285197466	1067
Ryan	M	0.330444270111442	0.309625137775658	0.3599305921129	1065
Samantha	F	0.29621584340267	0.363605784608264	0.340178371989066	1057
Ali	M	0.396128829493948	0.362485223127969	0.241385947378083	1051
Sandra	F	0.391567474272159	0.259610437201497	0.348822088526344	1048
Sean	M	0.366966298311844	0.344437279252911	0.288596422435245	1048
Diana	F	0.345884494519258	0.364218058725517	0.289897446755225	1048
Al	M	0.304778999189487	0.358141929329155	0.337079071481358	1045
Martha	F	0.415529355520713	0.253984497164259	0.330486147315028	1030
Joan	F	0.345176939596808	0.332833663280414	0.321989397122778	1025
Pedro	M	0.412474766223855	0.290535111941998	0.296990121834146	1018
Elena	F	0.435761093422929	0.285947042924615	0.278291863652455	1012
Jonathan	M	0.313967817899894	0.411335655981029	0.274696526119077	1001
Miguel	M	0.403537280732445	0.328257874262009	0.268204845005546	998
Louis	M	0.384819153379539	0.320030080498716	0.295150766121745	996
Luke	M	0.308221448452604	0.398352089388932	0.293426462158464	989
Catherine	F	0.439782938863964	0.273093957864892	0.287123103271144	988
Vera	F	0.454507755941933	0.185258095114846	0.360234148943221	988
Dick	M	0.208603321494486	0.394232458930662	0.397164219574852	987
Hans	M	0.386156761121565	0.288765544365833	0.325077694512602	981
Molly	F	0.301949826476945	0.316189989107847	0.381860184415208	981
Ken	M	0.251514457201472	0.444808886123471	0.303676656675058	975
Ivan	M	0.374429605568942	0.363238122560519	0.262332271870538	973
Paula	F	0.412822390088122	0.210343669341283	0.376833940570595	971
Jean	M	0.411561458418812	0.30364579548188	0.284792746099309	968
Gloria	F	0.322826853402209	0.266831938777829	0.410341207819962	967
Michelle	F	0.357894125059982	0.298349946047714	0.343755928892304	966
Mario	M	0.358104350408536	0.245714481378541	0.396181168212922	950
Bruno	M	0.371491975412327	0.270526339970343	0.35798168461733	936
Bruce	M	0.20670303329531	0.493306021059213	0.299990945645477	936
Barry	M	0.25771742527431	0.282140507904531	0.460142066821159	935
Tina	F	0.304971891568849	0.267293737611971	0.427734370819181	930
Greg	M	0.305109691843677	0.273446419482492	0.421443888673831	927
Jan	M	0.431072047683226	0.273644667288554	0.29528328502822	925
Kelly	F	0.303075051215085	0.311567475218278	0.385357473566637	916
Anthony	M	0.340693687876786	0.317751872425389	0.341554439697825	910
Josh	M	0.315885347373034	0.285083166717054	0.399031485909912	908
Lily	F	0.369984120670837	0.305790693505036	0.324225185824127	907
Beth	F	0.390018426936966	0.25928040439849	0.350701168664544	899
Clara	F	0.480519706777715	0.18639162308629	0.333088670135995	891
Marcus	M	0.33834112123969	0.428290082611557	0.233368796148754	890
Rebecca	F	0.371281257451881	0.315059816837768	0.313658925710351	889
Christine	F	0.441498871014553	0.211916263057868	0.34658486592758	888
Rosa	F	0.440568278158561	0.192888463048623	0.366543258792815	888
Terry	M	0.324121138392097	0.307838606464569	0.368040255143334	883
Brad	M	0.24716056700906	0.339548685588551	0.413290747402389	882
Alexander	M	0.379306584668546	0.382633392957516	0.238060022373938	879
Carmen	F	0.420673331117206	0.225551452126263	0.353775216756531	867
Gabriel	M	0.398700316267554	0.354799638818262	0.246500044914184	863
Irene	F	0.448609278129071	0.218313968301778	0.333076753569151	862
Marco	M	0.371910245422573	0.348384367241388	0.27970538733604	861
Kim	M	0.3756379859805	0.367960899444189	0.256401114575311	859
Luis	M	0.419660948732954	0.290877686783655	0.289461364483391	853
Victoria	F	0.385305573887667	0.298005571023827	0.316688855088505	844
Oliver	M	0.339948146505436	0.300917367929272	0.359134485565292	844
Philip	M	0.423249376313849	0.292270835165122	0.284479788521029	843
Lola	F	0.316829923068427	0.273883053070233	0.40928702386134	841
Janet	F	0.353878517545975	0.325747270315498	0.320374212138528	838
Nicole	F	0.358371788655775	0.299887156930459	0.341741054413765	835
Dennis	M	0.327867098273954	0.270750682959557	0.401382218766489	835
Steven	M	0.334525765812695	0.318417410625392	0.347056823561914	830
Katie	F	0.344596061886554	0.265114057617443	0.390289880496003	825
Duke	M	0.26212250587431	0.479230585303637	0.258646908822053	821
Harold	M	0.295635400212775	0.325511920067682	0.378852679719543	807
Ralph	M	0.321418707193	0.342924249697306	0.335657043109694	800
Liz	F	0.350937318979973	0.252918050466273	0.396144630553754	796
Joey	M	0.328544674125771	0.313385068145501	0.358070257728728	796
Jacob	M	0.406089122402548	0.347459780114567	0.246451097482885	795
Jean	F	0.382865780740568	0.375322327503756	0.241811891755675	788
Hank	M	0.26123611075451	0.44240775852389	0.296356130721601	788
Donna	F	0.337148667449381	0.263174181763774	0.399677150786845	786
Caroline	F	0.395807695097969	0.244634659935113	0.359557644966918	785
Kyle	M	0.2550266338732	0.400412488176298	0.344560877950502	784
Doug	M	0.279730258926066	0.282496289166605	0.437773451907328	780
Marta	F	0.482388721681729	0.167089591091315	0.350521687226956	777
Howard	M	0.311087803642745	0.356612904424875	0.33229929193238	776
Teresa	F	0.492564066899861	0.225331476283611	0.282104456816528	774
Stephen	M	0.453192520061753	0.253483397795703	0.293324082142544	772
Claudia	F	0.394004462836955	0.257111148825378	0.348884388337667	765
Hannah	F	0.457903350556977	0.190915574348574	0.351181075094449	764
Lucas	M	0.380191014137113	0.34060772506009	0.279201260802797	761
Gina	F	0.333999240832247	0.308912317838836	0.357088441328917	757
Nora	F	0.458495199990815	0.233204707683858	0.308300092325327	753
Rob	M	0.278506805153977	0.331065430277869	0.390427764568154	753
Chuck	M	0.210099151896352	0.417507077488896	0.372393770614752	750
Patricia	F	0.383994722699498	0.267305210982803	0.348700066317699	744
Matthew	M	0.407149494975432	0.32097528454396	0.271875220480608	741
Diane	F	0.377700794590431	0.293253177318524	0.329046028091045	740
Stella	F	0.382580077131394	0.258011405030299	0.359408517838307	736
Jay	M	0.313666474251344	0.29889787390551	0.387435651843146	736
Donald	M	0.292263314421601	0.307427447460724	0.400309238117675	730
Lena	F	0.452111295933831	0.250506340593146	0.297382363473022	726
Christian	M	0.427376538969939	0.220901700320917	0.351721760709144	726
Ron	M	0.302416616048737	0.310079604000864	0.387503779950399	726
Carla	F	0.36328653612248	0.326863098915241	0.309850364962278	724
Jackie	F	0.327669626968319	0.258979322022039	0.413351051009642	724
Olga	F	0.44749879016113	0.197559348188998	0.354941861649872	723
Samuel	M	0.437203127791731	0.312396140230016	0.250400731978254	718
Judy	F	0.312555927949367	0.27444268442651	0.413001387624123	715
Gordon	M	0.269012721790115	0.407601883317602	0.323385394892284	709
Jill	F	0.310719181067186	0.313412182524811	0.375868636408003	708
Benjamin	M	0.318362582344695	0.356909260614438	0.324728157040866	707
Isabel	F	0.474388235416869	0.264362573738046	0.261249190845084	705
Nathan	M	0.324906680534915	0.382434965429355	0.29265835403573	705
Manuel	M	0.417970719618782	0.311667162590315	0.270362117790903	702
Alex	F	0.308123215774001	0.372870844359256	0.319005939866743	702
Andrea	F	0.429466067287298	0.241162341430205	0.329371591282497	701
Monica	F	0.382340860097509	0.265147446862899	0.352511693039592	692
Felix	M	0.33249909364691	0.302793696282199	0.364707210070891	688
Anita	F	0.383282882346406	0.25533798052095	0.361379137132645	684
Ian	M	0.388260712342005	0.28390540347795	0.327833884180045	683
Dean	M	0.316770646937557	0.289024143855664	0.394205209206779	682
Sylvia	F	0.376825211642917	0.278479728179796	0.344695060177287	681
Pablo	M	0.355753537676568	0.306912792885673	0.337333669437759	678
Aaron	M	0.365092821022563	0.316046221707504	0.318860957269933	676
Roberto	M	0.411417386844987	0.237364328324779	0.351218284830234	675
Stan	M	0.268824497390265	0.317801446285847	0.413374056323888	673
Marc	M	0.392931287966424	0.215950422215322	0.391118289818254	670
Natalie	F	0.390975283375172	0.261194192612066	0.347830524012761	669
Olivia	F	0.425901523975804	0.216666511235077	0.357431964789118	667
Vanessa	F	0.344244226514926	0.298532563469126	0.357223210015949	665
Sheila	F	0.297312386071902	0.299827887159259	0.402859726768839	661
Sebastian	M	0.333053900939164	0.328648119406196	0.33829797965464	660
Eve	F	0.367468930959702	0.340571736101013	0.291959332939285	659
Oscar	M	0.310091244381187	0.323895829896312	0.366012925722501	659
Cindy	F	0.264924747252367	0.292157055855763	0.44291819689187	659
Jacques	M	0.365436621377459	0.313271574330579	0.321291804291962	653
Helena	F	0.46404198354019	0.247103249624896	0.288854766834914	651
Alfred	M	0.317810282653165	0.333131233801046	0.349058483545789	651
Jeremy	M	0.324080293498111	0.306469256617753	0.369450449884136	646
Anton	M	0.360212770106397	0.337483643469773	0.30230358642383	642
Derek	M	0.326797958412194	0.296581979311763	0.376620062276043	640
Todd	M	0.251546894236585	0.266462209864042	0.481990895899372	638
Diego	M	0.358065351299006	0.365251344270093	0.276683304430901	635
Maya	F	0.345334294621715	0.422893642108825	0.23177206326946	635
Marina	F	0.382313687658393	0.240249397943281	0.377436914398327	634
Melissa	F	0.325796147100709	0.296770958572409	0.377432894326882	633
Hugo	M	0.324868641997753	0.290106575711566	0.38502478229068	630
Lee	F	0.388786617461656	0.36225696266849	0.248956419869854	624
Francis	M	0.298385996337379	0.375745944139781	0.32586805952284	622
Raymond	M	0.360320286436212	0.339413879221327	0.300265834342461	616
Bernard	M	0.371983630111596	0.208123208025402	0.419893161863002	616
Dorothy	F	0.297330482978999	0.349203526017023	0.353465991003978	616
Marty	M	0.286958628968844	0.32918444668062	0.383856924350536	613
Chloe	F	0.341418241881363	0.270663490618115	0.387918267500522	609
Alicia	F	0.408248574831977	0.314522891300031	0.277228533867993	607
Sue	F	0.338886254270102	0.276740788814603	0.384372956915296	607
Jones	M	0.206127170735386	0.478272696125854	0.31560013313876	606
Stanley	M	0.307587448237051	0.309353966571954	0.383058585190996	605
Katherine	F	0.402408752371155	0.361673375343468	0.235917872285377	603
Wendy	F	0.269561260337895	0.273971780620943	0.456466959041162	603
Heather	F	0.306982126598968	0.278660883994873	0.41435698940616	601
Stefan	M	0.45455176597124	0.219932826173051	0.325515407855709	599
Keith	M	0.328313526120346	0.303653661244746	0.368032812634908	599
Vince	M	0.304701752280944	0.38187168725922	0.313426560459837	598
Otto	M	0.294244050273854	0.378428305606681	0.327327644119465	597
Van	M	0.218544596763249	0.473996530716064	0.307458872520687	596
Justin	M	0.318509688987614	0.29614485449308	0.385345456519306	595
Jesse	M	0.342674895830852	0.368920605261071	0.288404498908077	594
Sharon	F	0.353142596356702	0.292019803692343	0.354837599950955	594
Boris	M	0.293459443719135	0.436023790930969	0.270516765349896	586
Earl	M	0.316446323873826	0.35969857280629	0.323855103319883	585
Doris	F	0.325325255501885	0.280122164096794	0.394552580401321	582
Stephanie	F	0.309418298281032	0.273623191692573	0.416958510026395	580
Erik	M	0.409794193658033	0.316945720382738	0.273260085959229	578
Marion	F	0.366134962219671	0.291897848783421	0.341967188996909	578
Leon	M	0.33885620402632	0.374400562712375	0.286743233261306	578
Jackson	M	0.277275764364047	0.445489212941893	0.27723502269406	578
Mona	F	0.359019614002453	0.256321917249424	0.384658468748123	577
Fernando	M	0.424121946208882	0.229009691069571	0.346868362721548	575
Park	M	0.338079668083486	0.313981028394408	0.347939303522106	573
Smith	M	0.232665023920486	0.47819863728642	0.289136338793094	573
Christopher	M	0.328171963207042	0.386812113789568	0.28501592300339	572
Sam	F	0.319141658378583	0.320663442781144	0.360194898840273	572
Mickey	M	0.306433160475341	0.32518006805228	0.368386771472379	571
Daisy	F	0.27549692060089	0.293759169181284	0.430743910217826	571
Veronica	F	0.283297903740762	0.298807910469562	0.417894185789676	568
Alberto	M	0.417739553831257	0.17315981434265	0.409100631826093	565
Kurt	M	0.334825340265786	0.353915849543179	0.311258810191035	565
Craig	M	0.304117190653348	0.327885970880914	0.367996838465737	565
Peggy	F	0.327784892325073	0.288728317632111	0.383486790042816	563
Sonia	F	0.357781840398902	0.328420554755949	0.313797604845149	560
Neil	M	0.334636267990303	0.298112914190538	0.367250817819159	557
Julian	M	0.359317698488904	0.313136830588225	0.327545470922871	556
Tyler	M	0.288747835154154	0.390972992233131	0.320279172612714	555
Connie	F	0.338648918697253	0.291518365097372	0.369832716205375	553
Maurice	M	0.373307223479609	0.204470310968977	0.422222465551413	551
Ricardo	M	0.382970523709239	0.280142625777784	0.336886850512977	548
Benny	M	0.29001277895019	0.294500493364479	0.415486727685331	548
Jorge	M	0.424452113602747	0.204270733854746	0.371277152542508	543
Lauren	F	0.367911129636906	0.249287223667418	0.382801646695676	543
Norman	M	0.290591884629788	0.337611608055032	0.37179650731518	543
Colin	M	0.367068222502198	0.237109340308011	0.39582243718979	541
Miles	M	0.294198170208607	0.403353150563738	0.302448679227655	536
Gus	M	0.287149110056	0.340960046234248	0.371890843709752	536
Bert	M	0.27769030719348	0.33688456695639	0.38542512585013	536
Jo	F	0.354829966834738	0.357201015556088	0.287969017609175	533
Willie	M	0.303022437999959	0.335907485324677	0.361070076675363	533
Lydia	F	0.378709784225252	0.296652688526776	0.324637527247972	532
Marianne	F	0.458420477813377	0.171939909651705	0.369639612534918	530
Kathy	F	0.411676109166031	0.271039511617928	0.317284379216041	525
Lou	M	0.296383880881173	0.348851802989983	0.354764316128844	524
Jamie	M	0.420385591787403	0.286081030558808	0.293533377653789	523
Melanie	F	0.356413787506559	0.24102152944135	0.402564683052091	521
Ricky	M	0.28603837909635	0.261508864660629	0.452452756243021	519
Denise	F	0.358557489219484	0.242471187910316	0.3989713228702	518
Robin	M	0.162092167940934	0.567254681666607	0.270653150392459	518
Franz	M	0.458104731098431	0.198452531872571	0.343442737028998	516
Virginia	F	0.446866611890815	0.215772355721305	0.33736103238788	516
Penny	F	0.250002176358224	0.347347304717499	0.402650518924277	516
Harvey	M	0.26422162634829	0.367840850357125	0.367937523294585	514
Kitty	F	0.33598758677456	0.266358272304499	0.397654140920941	512
Holly	F	0.328858043815937	0.301793834135911	0.369348122048152	511
Cynthia	F	0.359044077539764	0.308907924524497	0.332047997935738	510
Angel	F	0.263931619177283	0.422493794303408	0.313574586519309	508
June	F	0.357677777685567	0.307646212327195	0.334676009987238	506
Jeanne	F	0.514412508539225	0.226559340648543	0.259028150812233	502
Ethan	M	0.348280428431831	0.356497366992362	0.295222204575807	502
Trevor	M	0.286203591743481	0.311206706080021	0.402589702176498	502
Megan	F	0.322421695194069	0.297646283192272	0.379932021613659	499
Zoe	F	0.323734753370743	0.312437012250478	0.36382823437878	496
Gwen	F	0.245695046836341	0.405357587401158	0.348947365762501	496
Judith	F	0.440623329403374	0.212445567055805	0.346931103540822	495
Iris	F	0.39151950266314	0.297256276579108	0.311224220757751	495
Michel	M	0.397442412670868	0.213270739516632	0.3892868478125	494
Johnson	M	0.242248073169226	0.448105292624203	0.309646634206571	494
Mia	F	0.396073252377597	0.246736362387274	0.357190385235129	492
Frankie	M	0.297100229494272	0.314780451610003	0.388119318895725	492
Valerie	F	0.394499355713209	0.292831641745769	0.312669002541022	491
Esther	F	0.449372573178268	0.222653505152227	0.327973921669506	490
Brenda	F	0.314984999691139	0.243901046523032	0.441113953785829	490
Leonard	M	0.326136962870521	0.319893317580792	0.353969719548687	489
Ruby	F	0.337257468944795	0.322354948792697	0.340387582262507	487
Sandy	F	0.307535840938674	0.272169795254631	0.420294363806695	487
Antoine	M	0.391421519689112	0.191084247057559	0.417494233253329	482
Ashley	F	0.284700976703394	0.292574313060917	0.422724710235689	482
Herbert	M	0.339764161855679	0.250283016240117	0.409952821904205	481
Angie	F	0.320118518536101	0.303764425181337	0.376117056282562	481
Debbie	F	0.298469161718301	0.217987093574493	0.483543744707206	481
Carlo	M	0.362527526303429	0.274280377081757	0.363192096614814	480
Sofia	F	0.44846137108165	0.235334533464858	0.316204095453492	478
Evelyn	F	0.377870964767439	0.309071732368364	0.313057302864197	477
Malcolm	M	0.334944287215266	0.328532032367527	0.336523680417208	476
Mitch	M	0.307416713755302	0.321878969969496	0.370704316275202	476
Randy	M	0.217195072612283	0.288849064174251	0.493955863213465	475
Travis	M	0.287592420659158	0.434271260860828	0.278136318480014	473
Wayne	M	0.313461118905496	0.332881806338612	0.353657074755893	470
Elaine	F	0.347966134015581	0.345800402834965	0.306233463149454	467
Arnold	M	0.3371164903626	0.310204635514247	0.352678874123153	467
Hector	M	0.255460260410377	0.424637134116695	0.319902605472928	467
Lance	M	0.215286090906131	0.382914995984386	0.401798913109483	466
Isabelle	F	0.42851781298996	0.251166062245751	0.320316124764289	465
Noah	M	0.345995153959691	0.409333788359456	0.244671057680853	465
Audrey	F	0.345324311685177	0.229175101063202	0.42550058725162	464
Jonas	M	0.450306469617714	0.284738806276453	0.264954724105833	463
Kenny	M	0.302914199362346	0.294697869462765	0.402387931174889	463
Pat	M	0.300541325766371	0.33812165162991	0.361337022603719	459
Ned	M	0.262471955003252	0.379012486882953	0.358515558113795	459
Cathy	F	0.389174269526486	0.299779108784985	0.311046621688528	458
Agnes	F	0.433563929902492	0.215922340073484	0.350513730024024	457
Seth	M	0.256090257116858	0.420166877990966	0.323742864892176	457
Edgar	M	0.364954481908906	0.290984903890988	0.344060614200106	456
Ellie	F	0.376402754898295	0.321923036542583	0.301674208559122	455
Nicholas	M	0.400736602021942	0.386928723602196	0.212334674375862	452
Henri	M	0.397701701160099	0.293583259699382	0.308715039140519	451
Amber	F	0.295745951212975	0.286421214965429	0.417832833821596	451
Suzanne	F	0.386362253201281	0.250918326752793	0.362719420045925	450
Jon	M	0.326785783794481	0.261169637101814	0.412044579103705	449
Morgan	M	0.25323519612114	0.494614511252456	0.252150292626405	449
Warren	M	0.307134484985151	0.38007355733003	0.312791957684819	448
Dana	F	0.314070427117471	0.364854573078391	0.321074999804139	447
Roland	M	0.310065499699825	0.367713110279719	0.322221390020456	447
Silvia	F	0.388298791240043	0.19267293536872	0.419028273391237	446
Miriam	F	0.425651455841941	0.276806579847992	0.297541964310067	445
Roman	M	0.40108370316563	0.339161616456167	0.259754680378203	444
May	F	0.276799597559423	0.427323261312406	0.29587714112817	444
Phillip	M	0.358300966451566	0.330969774302081	0.310729259246353	443
Tanya	F	0.35467323657581	0.320856423331093	0.324470340093097	441
Lewis	M	0.334999448552217	0.336644256717564	0.328356294730219	441
Angel	M	0.313526872923942	0.375859524880877	0.310613602195181	441
Tracy	F	0.298831900552179	0.292472403977496	0.408695695470325	441
Claude	M	0.335313145766175	0.240070575560798	0.424616278673028	439
Natasha	F	0.327491102522113	0.320834408306929	0.351674489170958	436
Russell	M	0.335756955603854	0.331127337422905	0.333115706973241	433
Abby	F	0.326817464135373	0.307827974648364	0.365354561216262	433
Nikki	F	0.306811457877614	0.287412912011366	0.40577563011102	432
Allison	F	0.282399330981768	0.31199225920908	0.405608409809151	430
Buddy	M	0.22094189260981	0.308370404857082	0.470687702533109	430
Freddy	M	0.272324515380021	0.274144245262883	0.453531239357096	429
Joanna	F	0.384893863799357	0.359230265719555	0.255875870481088	428
Jesus	M	0.300276660180425	0.242456294363805	0.45726704545577	428
Karin	F	0.438130479200005	0.234367949140115	0.32750157165988	427
Teddy	M	0.288970625230873	0.296008708507398	0.41502066626173	427
Francisco	M	0.406724496582037	0.333094858944789	0.260180644473175	426
Miranda	F	0.325524231651851	0.285274077620004	0.389201690728145	426
Clark	M	0.211645629915288	0.483703535597528	0.304650834487184	426
Gerald	M	0.352822811057742	0.268946733113677	0.378230455828581	425
Carter	M	0.273585855888053	0.44887187909892	0.277542265013026	425
Barney	M	0.283280411428969	0.414973721245608	0.301745867325423	424
Becky	F	0.300103965258259	0.276029443860289	0.423866590881452	424
Joel	M	0.40763461979181	0.22578678412164	0.36657859608655	422
Willy	M	0.283541930055532	0.332063337188628	0.38439473275584	422
Carrie	F	0.348777559357886	0.352143271232561	0.299079169409554	421
Owen	M	0.339029291513099	0.332138068190656	0.328832640296245	421
Lawrence	M	0.33652855126517	0.355716171368641	0.307755277366189	419
Ronnie	M	0.326583476193032	0.298049901221162	0.375366622585807	418
Andreas	M	0.513991734845242	0.144603938032695	0.341404327122064	414
Elisabeth	F	0.547180050950938	0.126652170373162	0.3261677786759	413
Beatrice	F	0.352931151980988	0.227241007944243	0.419827840074769	410
Shirley	F	0.329401753792886	0.267124546917279	0.403473699289835	410
Brandon	M	0.314691074645941	0.340595576679536	0.344713348674523	410
Pamela	F	0.303392456071081	0.309045582068632	0.387561961860287	409
Vivian	F	0.330575809246799	0.264855977076185	0.404568213677015	407
Edith	F	0.441411474527974	0.241164319858293	0.317424205613734	406
Evan	M	0.331877447573861	0.341805010164963	0.326317542261176	406
Simone	F	0.411903259017226	0.269709670255219	0.318387070727555	405
Jessie	F	0.389942869752782	0.366378646948181	0.243678483299037	404
Douglas	M	0.342671760480762	0.353154402682058	0.30417383683718	403
Joyce	F	0.361419639922457	0.270839653301853	0.36774070677569	402
Sid	M	0.24928893801527	0.364049473799902	0.386661588184828	402
Ella	F	0.446968532486459	0.226174324823493	0.326857142690048	401
Toby	M	0.306073631041591	0.286550558063045	0.407375810895365	401
Luisa	F	0.442425325175098	0.221730977920167	0.335843696904735	400
Dolores	F	0.336811603250046	0.307552537798558	0.355635858951396	399
Christina	F	0.421279943662721	0.296542427522216	0.282177628815063	398
Tara	F	0.341856796661352	0.3410684670296	0.317074736309049	398
Lenny	M	0.303767484486083	0.304479231015048	0.391753284498869	398
Ross	M	0.316703250600232	0.396192618932133	0.287104130467635	397
Chad	M	0.20522780262366	0.297833036478882	0.496939160897458	397
Vicky	F	0.368112645096781	0.235818832758371	0.396068522144848	396
Hugh	M	0.383975727277906	0.304401458120625	0.311622814601469	393
Grant	M	0.310093337331141	0.453304079157777	0.236602583511082	393
Lawyer	M	0.384978403160411	0.18915016152288	0.425871435316709	391
Dylan	M	0.33432550940613	0.296081435815165	0.369593054778705	391
Lynn	F	0.402982578433348	0.304256544800609	0.292760876766043	390
Vic	M	0.295882015254929	0.393199918885871	0.310918065859201	388
Elsa	F	0.400762553737184	0.279744143648935	0.319493302613881	387
Lucia	F	0.411682502727968	0.307986503780891	0.280330993491141	386
Wilson	M	0.291728498898104	0.410247403765724	0.298024097336172	385
Jose	M	0.284937071414093	0.427715694832219	0.287347233753688	385
April	F	0.289814316835495	0.336225142455199	0.373960540709307	385
Ingrid	F	0.410866165023888	0.223379981148903	0.365753853827209	383
Adrian	M	0.371112359319621	0.283749921241915	0.345137719438464	383
Isaac	M	0.311159885554856	0.466683961538712	0.222156152906432	383
Joshua	M	0.304133957373934	0.428933748665138	0.266932293960928	383
Omar	M	0.32297394212831	0.440355141529052	0.236670916342638	382
Leslie	F	0.358339291217115	0.251842074124881	0.389818634658004	382
Graham	M	0.351507256095823	0.26467865676209	0.383814087142088	382
Polly	F	0.278180026068047	0.295950183919809	0.425869790012144	382
Ernie	M	0.265979834146557	0.320769492645529	0.413250673207915	380
Yvonne	F	0.422144406549884	0.13188577176105	0.445969821689066	378
Alison	F	0.374345675789331	0.27393887715668	0.351715447053988	378
Blake	M	0.294736595859071	0.405556842168653	0.299706561972276	378
Wanda	F	0.298100422476108	0.283783023257195	0.418116554266697	378
Sonny	M	0.319263322055264	0.410180327654737	0.270556350289999	377
Candy	F	0.211657129651337	0.300806777307637	0.487536093041026	376
Bonnie	F	0.287462186014214	0.372737974753442	0.339799839232344	374
Junior	M	0.208976742613379	0.384750109854435	0.406273147532185	374
Kay	F	0.372707989813672	0.361293533601627	0.265998476584701	372
Fanny	F	0.425756092340986	0.123758563120831	0.450485344538182	371
Buck	M	0.201981182772279	0.533743517111358	0.264275300116363	371
Zack	M	0.204618948981511	0.452792959031808	0.342588091986681	371
Hanna	F	0.532458979041029	0.156338286506672	0.311202734452299	370
Florence	F	0.458677417009894	0.199245006626562	0.342077576363544	370
Andre	M	0.322671453767844	0.3778889412676	0.299439604964556	369
Theo	M	0.395872815481066	0.274735977479264	0.32939120703967	366
Janice	F	0.353671155105525	0.275184968352647	0.371143876541828	366
Franco	M	0.331585575932629	0.24513533022249	0.423279093844881	366
Rosie	F	0.323397901371141	0.239702676301944	0.436899422326915	366
Eleanor	F	0.423553274577782	0.297053940288536	0.279392785133682	365
Marcel	M	0.397379405021039	0.227339351969023	0.375281243009938	365
Taylor	M	0.322448050102174	0.418820029782712	0.258731920115114	364
Rafael	M	0.461473752401476	0.253824923762582	0.284701323835942	363
Meg	F	0.407665016009047	0.249017518599335	0.343317465391619	363
Jordan	M	0.359267284711572	0.263716238717912	0.377016476570515	363
Eduardo	M	0.37023628070356	0.320944961323082	0.308818757973357	362
German	M	0.265032042618863	0.526383709960854	0.208584247420283	362
Rex	M	0.223545365900006	0.429200631535671	0.347254002564324	361
Eli	M	0.375964914458474	0.327699819482637	0.296335266058889	360
Violet	F	0.324414542903443	0.334795219075248	0.34079023802131	360
Marilyn	F	0.322093736364103	0.24318452601362	0.434721737622277	360
Julien	M	0.428487363525345	0.213006054455285	0.35850658201937	359
Mac	M	0.2294485589014	0.439702916294057	0.330848524804543	359
Josef	M	0.411602857565499	0.191611553207863	0.396785589226638	358
Cristina	F	0.494236469189374	0.148413640528025	0.357349890282601	357
Alexandra	F	0.411751953386432	0.301643539231178	0.28660450738239	357
Stuart	M	0.357589271492233	0.272272069435712	0.370138659072055	357
Pam	F	0.303048764358674	0.272173684453996	0.42477755118733	356
Natalia	F	0.401888070113268	0.233530032481954	0.364581897404778	355
Dora	F	0.384207590251846	0.271466372844471	0.344326036903683	355
Fritz	M	0.317290895737739	0.30205180152556	0.380657302736701	355
Brown	M	0.225050804099803	0.455321729801261	0.319627466098936	354
Giovanni	M	0.442442002208271	0.201581214522207	0.355976783269522	353
Amelia	F	0.419750068619158	0.29102947644216	0.289220454938682	353
Sophia	F	0.374757211715761	0.386840321696752	0.238402466587487	353
Lara	F	0.315743464438093	0.429525171526123	0.254731364035785	352
Art	M	0.290265505655156	0.37342661025253	0.336307884092315	350
Cheryl	F	0.294214879648038	0.321356260837655	0.384428859514307	350
Liam	M	0.386345072339683	0.225620468082475	0.388034459577842	349
Francesca	F	0.361388423873504	0.238745914042701	0.399865662083795	349
Javier	M	0.477564805783202	0.244255061772704	0.278180132444094	348
Duncan	M	0.307754319010509	0.411646755172926	0.280598925816565	348
Joy	F	0.321263686989198	0.321652773316865	0.357083539693937	348
Jamie	F	0.323631700077602	0.308088064777059	0.368280235145339	348
Fiona	F	0.341348333708115	0.267874655208942	0.390777011082943	347
Freddie	M	0.284327112396444	0.271763445428495	0.443909442175061	347
Julio	M	0.387209809172534	0.278048293597475	0.334741897229991	346
Lorenzo	M	0.370612411082956	0.261533214097249	0.367854374819795	346
Alma	F	0.508044076659172	0.188318295414103	0.303637627926725	345
Erica	F	0.376647912602646	0.287533271360224	0.33581881603713	345
Hal	M	0.266468251516833	0.483805959097764	0.249725789385403	345
Mandy	F	0.259941274341691	0.246856636780832	0.493202088877477	345
Gene	M	0.290821911590138	0.384254384033818	0.324923704376044	343
Dale	M	0.283283481536705	0.353499963997492	0.363216554465803	342
Sergio	M	0.411341900031263	0.232510749779292	0.356147350189445	341
Pauline	F	0.392350326003711	0.236160397681465	0.371489276314824	341
Shane	M	0.31331052469221	0.382527321167562	0.304162154140229	339
Mason	M	0.275806922464889	0.472755273491605	0.251437804043506	339
Calvin	M	0.309756883096843	0.314408091178693	0.375835025724464	338
Wally	M	0.180968142877193	0.409899172948276	0.409132684174531	338
Ernest	M	0.400930203739997	0.234137994017658	0.364931802242345	337
Herman	M	0.301345832912137	0.29998305669067	0.398671110397193	337
Bo	M	0.273510266043942	0.417369627766771	0.309120106189287	337
Eugene	M	0.272423816551306	0.39594007816664	0.331636105282054	337
Helga	F	0.341383825726384	0.324543418711538	0.334072755562079	336
Cliff	M	0.306167148051523	0.348270508620062	0.345562343328416	336
Frances	F	0.474177331314169	0.225059315600947	0.300763353084885	335
Lloyd	M	0.295060992965041	0.37931872552161	0.325620281513349	335
Mimi	F	0.310207946587937	0.258273350702234	0.431518702709829	335
Marvin	M	0.244678282679789	0.354571931583343	0.400749785736868	335
Felipe	M	0.426278789129876	0.205911877424494	0.367809333445631	333
Julius	M	0.321245185703919	0.348268107201597	0.330486707094484	333
Troy	M	0.290590603536631	0.362618276685147	0.346791119778222	333
Pat	F	0.407010452552774	0.264477474225246	0.32851207322198	332
Kai	M	0.255968782618296	0.5362948767148	0.207736340666904	331
Nadia	F	0.381123304093674	0.369282423551876	0.24959427235445	329
Jess	F	0.368840731246917	0.252476490042287	0.378682778710796	329
Danielle	F	0.339315253241468	0.300776476654634	0.359908270103898	329
Darren	M	0.345139510613138	0.196715639969803	0.458144849417058	329
Margot	F	0.440863633972497	0.175376365426548	0.383760000600955	328
Regina	F	0.414135222331105	0.246533726144733	0.339331051524162	328
Clay	M	0.274640822379462	0.516972303259353	0.208386874361185	328
Bernie	M	0.262492218166342	0.341404086137176	0.396103695696481	327
Norma	F	0.425246763057238	0.259787487607183	0.314965749335579	326
Angelo	M	0.384226050519201	0.313302759361115	0.302471190119685	326
Jeffrey	M	0.31534463920528	0.329968815493375	0.354686545301345	326
Nelson	M	0.298106806859912	0.374864818440548	0.327028374699541	326
Marshall	M	0.292231945891717	0.410083329488495	0.297684724619788	326
Nigel	M	0.225516038075312	0.369163480350202	0.405320481574486	326
Isabella	F	0.265631008035353	0.454196973699156	0.280172018265491	325
Sammy	M	0.297015023522062	0.274992462149377	0.427992514328561	324
Kenneth	M	0.337933289815423	0.320565002641895	0.341501707542682	323
Ernesto	M	0.400635050956113	0.249462489976197	0.34990245906769	322
Elliot	M	0.277991993454315	0.34797087752307	0.374037129022615	322
Arturo	M	0.353665374215788	0.283921574375436	0.362413051408777	320
Spencer	M	0.288205674732834	0.341597871916029	0.370196453351137	320
Rocky	M	0.244341932272642	0.447812768138461	0.307845299588897	320
Ronald	M	0.307474862551583	0.33523340810422	0.357291729344197	319
Robbie	M	0.317487714032506	0.275746777883514	0.406765508083981	319
Crystal	F	0.26467865056913	0.377033322272429	0.35828802715844	319
Tiffany	F	0.243793730040848	0.232156713292535	0.524049556666617	319
Harriet	F	0.376739316024035	0.233523843037836	0.38973684093813	318
Cole	M	0.30989246552841	0.491342091002384	0.198765443469206	318
Rudy	M	0.240921197583207	0.436706280148822	0.322372522267971	318
Naomi	F	0.37643281454973	0.283349917593783	0.340217267856487	317
